positive_rewards:  [-958.2672790592868, -882.4415928798231, -937.0302953044112, -956.7300081147284, -945.7186030933665, -975.2785042381313, -960.2286305736775, -955.8434729333211, -968.7041678901771, -970.8788212017218, -954.1795188177404, -905.0143158833965, -970.9163578470318, -969.4494419421603, -950.2624195226144, -960.0017328908903]
negative_rewards:  [-963.5094469055346, -914.9842646393452, -941.9286423695922, -955.2035271283252, -949.6015155475603, -961.9138491021522, -925.97813252937, -924.3110574694747, -974.4306964645539, -955.2951468542467, -940.7300916937111, -960.3690764292857, -944.9819935674827, -967.8636478066725, -962.5165696473157, -648.9478593999013]
all_rewards:  [-958.26727906 -882.44159288 -937.0302953  -956.73000811 -945.71860309
 -975.27850424 -960.22863057 -955.84347293 -968.70416789 -970.8788212
 -954.17951882 -905.01431588 -970.91635785 -969.44944194 -950.26241952
 -960.00173289 -963.50944691 -914.98426464 -941.92864237 -955.20352713
 -949.60151555 -961.9138491  -925.97813253 -924.31105747 -974.43069646
 -955.29514685 -940.73009169 -960.36907643 -944.98199357 -967.86364781
 -962.51656965 -648.9478594 ]
sigma_r:  56.36145643865828
scores:  {0: -958.2672790592868, 1: -882.4415928798231, 2: -937.0302953044112, 3: -955.2035271283252, 4: -945.7186030933665, 5: -961.9138491021522, 6: -925.97813252937, 7: -924.3110574694747, 8: -968.7041678901771, 9: -955.2951468542467, 10: -940.7300916937111, 11: -905.0143158833965, 12: -944.9819935674827, 13: -967.8636478066725, 14: -950.2624195226144, 15: -648.9478593999013}
order:  [8, 13, 5, 0, 9, 3, 14, 4, 12, 10, 2, 6, 7, 11, 1, 15]